*NODE
37, 0., -7.63684511184692e-10, 0.
38, 0.035, -7.63684511184692e-10, 0.
39, 0., 0.0499999992363155, 0.
40, 0.035, 0.0499999992363155, 0.
41, 0.00374999961815774, 0., 0.
42, 0.00781249933177604, 0., 0.
43, 0.0124999992363155, -7.63684511184692e-10, 0.
44, 0.0173437492827591, 0., 0.
45, 0.0221874993292025, 0., 0.
46, 0.0265429682719831, 0., 0.
47, 0.0308984372147637, 0., 0.
48, 0., 0.00499999923631549, 0.
49, 0., 0.00999999923631549, 0.
50, 0., 0.0149999992363155, 0.
51, 0., 0.0199999992363155, 0.
52, 0., 0.0249999992363155, 0.
53, 0., 0.0299999992363155, 0.
54, 0., 0.0349999992363155, 0.
55, 0., 0.0399999992363155, 0.
56, 0., 0.0449999992363155, 0.
57, 0.0041137692855817, 0.05, 0.
58, 0.00840454057609521, 0.05, 0.
59, 0.0126953118666087, 0.05, 0.
60, 0.0174414055979056, 0.05, 0.
61, 0.0221874993292025, 0.05, 0.
62, 0.0268749994220895, 0.05, 0.
63, 0.0312499996078635, 0.05, 0.
64, 0.035, 0.00499999923631549, 0.
65, 0.035, 0.00999999923631549, 0.
66, 0.035, 0.0149999992363155, 0.
67, 0.035, 0.0199999992363155, 0.
68, 0.035, 0.0249999992363155, 0.
69, 0.035, 0.0299999992363155, 0.
70, 0.035, 0.0349999992363155, 0.
71, 0.035, 0.0399999992363155, 0.
72, 0.035, 0.0449999992363155, 0.
73, 0.0313377519657446, 0.00630609825353739, 0.
74, 0.0273282401398031, 0.00516529506141013, 0.
75, 0.0230278669103869, 0.00513483227794456, 0.
76, 0.0174999992363155, 0.00499999923631549, 0.
77, 0.0124999992363155, 0.00499999923631549, 0.
78, 0.0079397474594382, 0.00433590475817445, 0.
79, 0.00370795480304328, 0.00386953052288473, 0.
80, 0.00355880751197928, 0.00799999923631549, 0.
81, 0.00762499927449971, 0.0159999992363155, 0.
82, 0.00749999923631549, 0.00999999923631549, 0.
83, 0.00360937457520049, 0.0130416659029822, 0.
84, 0.00353124955133535, 0.0182499992363155, 0.
85, 0.00762499927449971, 0.0259999992363155, 0.
86, 0.00791492991862146, 0.0213749992363155, 0.
87, 0.003708332938763, 0.0229999992363155, 0.
88, 0.00353124955133535, 0.0282499992363155, 0.
89, 0.00799283209349819, 0.0360270079475407, 0.
90, 0.00782991046673022, 0.0311499992363155, 0.
91, 0.00371117320661614, 0.0329999992363155, 0.
92, 0.00362829819633496, 0.0381374992596503, 0.
93, 0.00731599457546918, 0.0457430893523205, 0.
94, 0.00781988940507915, 0.0411245514803316, 0.
95, 0.00389211223162307, 0.0441072232973689, 0.
96, 0.0121915517847142, 0.0447379880321992, 0.
97, 0.0126303069080186, 0.0379860681554155, 0.
98, 0.0174906930949145, 0.039959875830202, 0.
99, 0.0172639303172155, 0.0351888290513705, 0.
100, 0.0124682922513873, 0.0339999992363155, 0.
101, 0.0174999992363155, 0.0299999992363155, 0.
102, 0.0120187492420431, 0.0296499992363155, 0.
103, 0.0178919940684087, 0.0253423016089881, 0.
104, 0.0127360681554155, 0.0249932656560495, 0.
105, 0.0179054121843635, 0.0203683028077441, 0.
106, 0.0125678070145592, 0.0194721315622441, 0.
107, 0.0171798971090968, 0.0153959003172155, 0.
108, 0.0124999992363155, 0.0149999992363155, 0.
109, 0.0174999992363155, 0.00999999923631549, 0.
110, 0.0124999992363155, 0.00999999923631549, 0.
111, 0.0224683146892649, 0.0151459003172155, 0.
112, 0.0242837916056384, 0.0097851314349272, 0.
113, 0.0274711531248496, 0.0139999992363155, 0.
114, 0.0283119255177842, 0.00939959552199113, 0.
115, 0.0313308618807554, 0.0169999992363155, 0.
116, 0.0315525993083561, 0.0118567189570601, 0.
117, 0.0313611225922699, 0.0218865733103896, 0.
118, 0.0313542376346596, 0.0268194436807599, 0.
119, 0.031375427869906, 0.0319166659029822, 0.
120, 0.0314400693004761, 0.0369999992363155, 0.
121, 0.0314229528777931, 0.0419999992363155, 0.
122, 0.0313306896748045, 0.0460347895030928, 0.
123, 0.0269214030882064, 0.0456620366381062, 0.
124, 0.0274999992363155, 0.0399999992363155, 0.
125, 0.0223259541495027, 0.0450833329338132, 0.
126, 0.0224999992363155, 0.0399999992363155, 0.
127, 0.0174389460137603, 0.0450092587996343, 0.
128, 0.0271154078818266, 0.0337734367363155, 0.
129, 0.0224999992363155, 0.0349999992363155, 0.
130, 0.0270291915474956, 0.0284764170603896, 0.
131, 0.0222536358477304, 0.0293419875696488, 0.
132, 0.0271412204307759, 0.023507651214931, 0.
133, 0.0224531242506346, 0.0246249992363155, 0.
134, 0.0274051852277942, 0.0186507223460867, 0.
135, 0.0232444613318015, 0.0203571212274669, 0.
*ELEMENT, TYPE=S3R, ELSET=GROUP
50, 37, 41, 79
51, 42, 78, 79
52, 47, 73, 74
53, 64, 73, 47
54, 56, 95, 57
55, 57, 95, 93
56, 62, 123, 122
57, 40, 63, 122
58, 43, 77, 78
59, 44, 76, 77
60, 45, 75, 76
61, 46, 74, 75
62, 48, 79, 80
63, 78, 82, 80
64, 49, 80, 83
65, 82, 81, 83
66, 50, 83, 84
67, 81, 86, 84
68, 51, 84, 87
69, 86, 85, 87
70, 52, 87, 88
71, 85, 90, 88
72, 53, 88, 91
73, 90, 89, 91
74, 54, 91, 92
75, 89, 94, 92
76, 55, 92, 95
77, 95, 92, 94
78, 58, 93, 96
79, 59, 96, 127
80, 60, 127, 125
81, 61, 125, 123
82, 73, 116, 114
83, 65, 116, 73
84, 116, 115, 113
85, 66, 115, 116
86, 115, 117, 134
87, 67, 117, 115
88, 117, 118, 132
89, 68, 118, 117
90, 118, 119, 130
91, 69, 119, 118
92, 119, 120, 128
93, 70, 120, 119
94, 120, 121, 124
95, 71, 121, 120
96, 123, 124, 121
97, 72, 122, 121
98, 77, 110, 82
99, 76, 109, 110
100, 82, 110, 108
101, 109, 107, 108
102, 75, 112, 109
103, 74, 114, 112
104, 109, 112, 111
105, 113, 111, 112
106, 85, 104, 102
107, 104, 103, 101
108, 90, 102, 100
109, 101, 99, 100
110, 81, 108, 106
111, 107, 105, 106
112, 86, 106, 104
113, 104, 106, 105
114, 103, 133, 131
115, 130, 131, 133
116, 101, 131, 129
117, 128, 129, 131
118, 111, 135, 105
119, 134, 135, 111
120, 105, 135, 133
121, 132, 133, 135
122, 89, 100, 97
123, 99, 98, 97
124, 94, 97, 96
125, 96, 97, 98
126, 129, 126, 98
127, 124, 126, 129
128, 127, 98, 126
129, 125, 126, 124
130, 37, 79, 48
131, 42, 79, 41
132, 47, 74, 46
133, 64, 47, 38
134, 56, 57, 39
135, 57, 93, 58
136, 62, 122, 63
137, 40, 122, 72
138, 43, 78, 42
139, 44, 77, 43
140, 45, 76, 44
141, 46, 75, 45
142, 48, 80, 49
143, 78, 80, 79
144, 49, 83, 50
145, 82, 83, 80
146, 50, 84, 51
147, 81, 84, 83
148, 51, 87, 52
149, 86, 87, 84
150, 52, 88, 53
151, 85, 88, 87
152, 53, 91, 54
153, 90, 91, 88
154, 54, 92, 55
155, 89, 92, 91
156, 55, 95, 56
157, 95, 94, 93
158, 58, 96, 59
159, 59, 127, 60
160, 60, 125, 61
161, 61, 123, 62
162, 73, 114, 74
163, 65, 73, 64
164, 116, 113, 114
165, 66, 116, 65
166, 115, 134, 113
167, 67, 115, 66
168, 117, 132, 134
169, 68, 117, 67
170, 118, 130, 132
171, 69, 118, 68
172, 119, 128, 130
173, 70, 119, 69
174, 120, 124, 128
175, 71, 120, 70
176, 123, 121, 122
177, 72, 121, 71
178, 77, 82, 78
179, 76, 110, 77
180, 82, 108, 81
181, 109, 108, 110
182, 75, 109, 76
183, 74, 112, 75
184, 109, 111, 107
185, 113, 112, 114
186, 85, 102, 90
187, 104, 101, 102
188, 90, 100, 89
189, 101, 100, 102
190, 81, 106, 86
191, 107, 106, 108
192, 86, 104, 85
193, 104, 105, 103
194, 103, 131, 101
195, 130, 133, 132
196, 101, 129, 99
197, 128, 131, 130
198, 111, 105, 107
199, 134, 111, 113
200, 105, 133, 103
201, 132, 135, 134
202, 89, 97, 94
203, 99, 97, 100
204, 94, 96, 93
205, 96, 98, 127
206, 129, 98, 99
207, 124, 129, 128
208, 127, 126, 125
209, 125, 124, 123
